<?xml version="1.0"?>
<opencv_storage>
<calibration_time>"Sun 03 Jan 2021 10:22:41 AM EST"</calibration_time>
<nr_of_frames>17</nr_of_frames>
<image_width>800</image_width>
<image_height>600</image_height>
<board_width>9</board_width>
<board_height>6</board_height>
<square_size>25.</square_size>
<fix_aspect_ratio>1.</fix_aspect_ratio>
<!-- flags: +fix_aspectRatio +fix_k3 +fix_k4 +fix_k5 -->
<flags>6274</flags>
<fisheye_model>0</fisheye_model>
<camera_matrix type_id="opencv-matrix">
  <rows>3</rows>
  <cols>3</cols>
  <dt>d</dt>
  <data>
    1.6370393350841794e+03 0. 3.5349238179665417e+02 0.
    1.6370393350841794e+03 1.9363931076590751e+02 0. 0. 1.</data></camera_matrix>
<distortion_coefficients type_id="opencv-matrix">
  <rows>5</rows>
  <cols>1</cols>
  <dt>d</dt>
  <data>
    -1.5513759107742700e+00 2.4365397169165259e+00
    1.1853422826599072e-01 5.3510161123244407e-04 0.</data></distortion_coefficients>
<avg_reprojection_error>6.2550477748345101e-01</avg_reprojection_error>
<per_view_reprojection_errors type_id="opencv-matrix">
  <rows>17</rows>
  <cols>1</cols>
  <dt>f</dt>
  <data>
    6.73382938e-01 7.06565440e-01 9.83684182e-01 5.20882726e-01
    6.75483048e-01 6.62973642e-01 4.92338419e-01 5.91713607e-01
    6.76099658e-01 6.61019027e-01 5.62175870e-01 5.90121269e-01
    5.43474972e-01 4.96608675e-01 5.83395481e-01 5.03590882e-01
    5.26411176e-01</data></per_view_reprojection_errors>
<!-- a set of 6-tuples (rotation vector + translation vector) for each view -->
<extrinsic_parameters type_id="opencv-matrix">
  <rows>17</rows>
  <cols>6</cols>
  <dt>d</dt>
  <data>
    -7.9910818426709961e-03 1.1566550529329933e-01
    1.5003892984966540e+00 5.8976370043849840e+01
    -4.1597230655972119e+01 1.7297968445989700e+03
    -3.1619557480387861e-01 1.4739080411809893e-02
    4.9904614876718950e-01 -6.8017882655960889e+01
    -4.0278074878692230e+01 1.7223254973670064e+03
    -6.1042799757235244e-01 -1.0107604485509103e-02
    5.1443919210531297e-01 -6.8515017870608332e+01
    -3.0932344521588977e+01 1.7395597902502843e+03
    1.5663853772467362e-01 2.1274419981091874e-02 1.3840263833317832e+00
    2.4455525412124277e+02 1.1848357652802720e+02 1.6497237116419237e+03
    1.0636603348757957e-01 5.5111633473258059e-01 2.4588069927467164e+00
    3.0557911105592621e+02 4.3652216069034573e+01 1.6125177993835550e+03
    1.1592794103164465e-01 -2.7574804059443764e-01
    2.4714544938281762e+00 3.2106981385691893e+02 2.2385952878568244e+02
    1.6212135677198285e+03 2.1947913749701672e-01 6.6093524759039457e-02
    9.7576485608154018e-01 1.9022566609382591e+02 1.0705034598284475e+02
    1.6324981825371804e+03 -6.9338270840537092e-02
    1.4091221796574854e-01 1.4064188902051697e+00
    -5.2325566455453760e+01 -1.3188155709902395e+02
    1.7512892878235784e+03 -3.3162510563753883e-02
    2.1488963222383303e-01 1.6033998188367029e+00
    -2.8859037472852528e+01 -1.1902724734285688e+02
    1.7382635750674071e+03 -2.1450370590306821e-02
    2.3864367714033100e-01 1.7023130557021289e+00
    -1.8489486341580680e+01 -1.1096735444342390e+02
    1.7341570809495213e+03 -1.0608923604576459e-02
    2.6054836494918643e-01 1.7991405039399697e+00
    -9.1333586397920623e+00 -1.0214136577609018e+02
    1.7283619723601576e+03 -1.2664308089918629e-02
    2.9333989470314109e-01 1.8958111222307155e+00
    -4.7419472988294364e-01 -9.2251527361175974e+01
    1.7203207334363676e+03 -4.1679524396899779e-03
    3.1265193791944113e-01 1.9937334025809406e+00 6.9467945231150825e+00
    -8.1792368870158342e+01 1.7152905269021587e+03
    7.5699083634751651e-03 3.6110107762323129e-01 2.1880669845736320e+00
    1.8474832029676858e+01 -5.8809309902238539e+01
    1.7048504944884432e+03 6.8924457451328015e-03 4.1299730172300425e-01
    2.4783574400948849e+00 2.6582608077195445e+01
    -2.1743025345992045e+01 1.6910177758501618e+03
    1.4298462753117157e-02 4.8136584655380588e-01 2.9651422133206338e+00
    1.4360506383345783e+01 3.9959303917792482e+01 1.6822897135683738e+03
    -1.7592449122453682e-02 -4.6595970663776637e-01
    -2.9449152558868517e+00 -7.2810579892735534e+00
    7.2040239385241833e+01 1.6806222075329792e+03</data></extrinsic_parameters>
